%%BME 307, HW5, P5
% Mackenzie Marques

x = 10:20:90; %cm
xm = x./100; %m
delta = [0.0215, 0.0385, 0.049, 0.058, 0.064];
U = 0.072764; %m/s
rho = 1.23; %kg/m^3
mu = 1.79e-5; %Ns/m^2

