%% BME 307 Computer Project 1
% Mackenzie Marques, 03/21/2018
%% Determine viscosity
gamma = [10; 25; 50; 100; 150; 200; 300];
tau = [0.0428; 0.2745; 0.4112; 0.7853; 1.318; 1.753; 2.514];